 3593.55      0.001
 3633.664     0.001
 3664.074    0.003
 3694.214    0.006
# 3713.082    0.012
 3727.108    0.009
 3766.259    0.006
 3777.135    0.007
 3829.750    0.001
# 3933.469    0.001
# 3942.258    0.001
# 3905.523    0.006
# 3944.005    0.049
# 3961.520    0.100 
 4150.6893   0.0001
 4219.745    0.007
 4379.549    0.007
 4537.754    0.007
 4752.732    0.005
 4788.925    0.005
 4837.313    0.007
 4864.3      0.004
 4884.917    0.005
 4957.033    0.007
 5005.158    0.003
 5037.751    0.046
 5080.383    0.026
 5116.503    0.045
 5222.351    0.012
 5330.777    0.121
 5341.093    0.133
 5400.561    0.327
 5433.651    0.009
 5562.441    0.029
 5689.816    0.029
 5719.224    0.017
 5748.298    0.048
 5764.418    0.192
 
