# 3610.5077        23.11 
 3639.5677       333.42 
 3683.4625      1134.42 
# 3694.214         69.11 
 3727.108         94.51 
 3739.9353       457.22 
# 3753.7792        17.39 
 3766.259         47.13 
 3777.135         60.15 
 3818.4236         9.52 
 3829.750         21.13 
 4019.6321       140.33 
 4057.8067     15398.50 
 4168.0328        98.94 
 4219.613         57.33 
 4244.92         215.00 
# 4290.487         18.53 
 4386.46         190.70 
# 4415.6859       214.68 
 4457.0473        20.96 
 4537.736         44.35 
 4678.2180       523.12 
 4799.9123      1490.89 
 5005.41642      145.96 
 5037.751        306.42 
 5085.8217      2110.98 
 5116.503        304.87 
 5222.352        100.80 
 5330.778        781.26 
 5341.093        878.86 
 5372.099        111.70 
 5400.5616      2503.60 
 5433.651         68.70 
 5562.441        194.78 
 5608.85        1120.97 
 5689.816        163.21 
 5719.224        111.20 
 5748.298        223.11 
 5764.418        473.56 
