 5689.816    0.029
 5719.224    0.017
# 5748.298    0.048
 5764.4188   0.013
 5820.1558   0.014
 5852.4878   0.962
 5881.8950   0.316
 #5902.4623   0.016
 5944.8340   0.502
 #5975.58     0.181
 6029.9968   0.210
 6074.3376   0.516
 6096.1630   0.605
# 6128.4498   0.042
 6143.0627   0.898
 6163.5937   0.428
# 6217.2812   0.423
 6266.4952   0.669
 6304.7893   0.444
 6334.4276   1.085
 6382.9914   0.976
 6402.2480   2.612
 6506.5277   1.374
 6532.8824   0.610
 6598.9528   0.814
 6678.2766   1.353
 6717.0430   0.908
 6738.0320   0.001
# 6759.5821   0.001
 6929.4672   1.311
 7024.0500   0.149
 7032.4128   1.479
 7059.1079   0.035
 7112.3075   0.001
 7173.9380   0.405 
# 7235.1978   0.001
 7245.1665   0.804 
 7304.8422   0.001
# 7420.5340   0.050
 7438.8981   0.218