 5689.816         40 
 5719.224         63.1 
 5748.298        251.0 
 5764.4188      1415.9 
# 5804.4          313.2 
 5820.1558      1029.6 
 5852.4878     98302.6 
# 5872.7          502.6 
 5881.8950     21131.6 
# 5913.6330       185.8 
# 5918.9068       169.9 
 5944.8340     38394.4 
# 5975.58       11878.6 
 6029.9968     13505.5 
 6074.3376     37399.7 
 6096.1630     44580.2 
 6128.4498      2587.5 
 6143.0627     63079.6 
 6163.5937     28758.8 
# 6182.146        543.3 
 6217.2812     28445.2 
 6266.4952     45963.5 
 6304.7893     29239.1 
 6334.4276     74587.1 
 6382.9914     67447.3 
 6402.2480    123178.9 
 6438.4695       708.1 
 6506.5277     83332.1 
 6532.8824     43122.6 
 6598.9528     55107.8 
 6652.0925       435.5 
 6660.20         741.1 
 6678.2766    102168.3 
 6717.0430     68025.3
 6929.4672     97685.3 
 7024.0500     10572.8 
 7032.4128    117669.1 
 7051.2922       460.6 
 7059.1079      2057.2 
# 7112.3075       32.22 
 7173.9380     26580.1 
# 7213.210        29.72 
 7245.1665     67752.5 
# 7304.683        28.75 
 7304.8422       28.75 
